1602
3258
9124
9365
8793
9650
4081
1768
8745
4029
1632
5927
4150
3852
8596
0235
0396
9263
5714
0197
4189
7954
4721
5679
9450
0956
2843
3507
9684
4801
3052
1978
9537
8027
9260
2150
8752
2860
3691
7234
6031
3248
4978
0142
9845
0976
5604
9173
9427
0428
9302
6508
1358
8345
0347
0632
9351
2913
8471
4315
5396
8243
4689
2063
4760
5826
8521
6409
5492
0451
8302
6471
9234
1964
4875
2958
6810
6791
3187
3512
9673
8467
6201
3105
8637
6293
6231
8146
2045
9081
4653
8579
1854
4709
5789
6021
8734
8527
2730
4187
7305
3801
1980
6925
9635
3825
1390
5308
8574
8762
1943
0158
0137
7209
0987
8432
7532
6408
8604
4602
9106
0478
6017
9510
0496
1873
0216
8209
1435
1702
5849
8379
3081
9035
6842
6053
4762
6789
4895
9687
7513
7935
0354
6753
5361
2894
5497
5402
4710
2870
2793
0536
3521
4236
2036
7130
4389
3410
2350
5148
0479
3540
6235
6038
3685
6172
1687
5284
6081
5078
6743
4178
7406
1497
3985
4735
8036
1579
7260
8130
7329
5941
8924
9318
2041
3549
7591
7645
2857
3726
1723
6792
8513
3941
9031
8194
4518
3619
8691
1480
0578
9238
3862
2835
6580
8753
5738
8204
9036
1748
3942
5364
3078
8629
8617
1078
0487
9210
6147
4012
0146
1485
2360
8534
1569
1926
3607
3247
3264
4570
2693
4316
6371
4915
8714
6425
5629
7903
2084
8015
8346
7613
9275
7065
7152
5439
1376
3546
8341
5871
8195
0732
1293
7041
5146
2106
7458
5381
4195
1548
7196
7218
9864
2543
6123
6307
3712
0326
8239
1328
2195
3596
7584
9723
7312
1382
3970
0852
0219
1425
0957
6173
5926
0274
1523
6835
2463
7042
4695
9462
1574
9324
4960
6205
8205
5169
4592
9814
1893
4072
2803
1829
0159
0941
4860
7380
5247
1367
1530
9247
0924
9834
9651
3026
2310
9653
7921
2810
2583
4079
7851
0154
9843
6134
7601
8501
5137
2081
2630
4027
0742
5246
9143
5683
1093
0413
7928
1986
9370
4902
4263
0876
4608
5967
8049
2410
1705
0867
9532
5279
7092
1692
9460
3147
7352
2095
4632
3812
7896
6325
9831
5981
4650
8679
3905
4629
9468
6390
3419
6518
7415
5073
4718
6843
2379
9381
9801
6072
5821
5102
5347
8364
8325
2179
4289
3246
9827
7520
3925
1204
7469
1845
4351
9856
1029
6128
3467
1762
4092
7098
3497
7809
0367
5916
5763
5417
6803
6037
6824
7810
1605
1028
6349
7381
2674
1639
0321
8192
0836
5130
5987
0341
8512
0895
8630
7253
8213
5803
1658
5674
9280
3742
1754
5928
8695
1953
9307
0516
1825
5167
4091
1642
4286
1406
4912
7638
0384
0567
6502
4235
1025
3681
5630
6403
8539
2817
4601
5436
4751
6198
8542
7803
4508
1937
5420
7956
7289
9813
9471
3420
1089
0925
1504
7983
0453
6738
3107
1457
1760
2048
1286
1835
7523
1478
5036
9172
7365
5142
0175
7043
0256
2705
6239
2673
2097
9578
8143
2196
4713
1940
6859
1945
7394
8460
1239
7149
5961
1950
9214
1734
1839
2504
2631
8746
2856
1724
2347
8690
1285
9458
3796
7291
6108
3496
6148
8756
3028
9217
7342
0796
7682
3519
6372
4267
1594
7281
1250
6784
3967
8420
6583
5087
0832
3089
0647
2491
3251
2675
3871
4935
8419
5367
4106
3847
2315
0467
8196
1764
8463
7583
2341
8910
4573
7164
0457
8597
0614
9184
0153
2639
1094
7024
2573
8610
0426
0486
1057
3574
7650
4528
6732
9358
6218
9758
8750
3025
5208
2094
0412
7402
2509
0973
1672
0184
7621
8967
2497
1549
1256
7198
8162
4237
3149
1037
9403
9632
3082
7019
2314
9837
4780
7456
8470
3609
3492
8497
5380
1096
4589
1823
2790
0749
7408
3047
3745
4903
6495
2516
7018
3106
7542
9681
8392
7450
7908
3875
4537
7120
5428
5327
3762
1369
8975
0346
8269
0698
8174
2078
3962
1960
4502
5164
6752
5930
6375
7012
3678
6734
1830
4571
5904
0598
1243
0397
0294
5642
0324
4213
4159
9047
5862
4685
6452
9503
5213
4635
3567
6095
1678
6175
5680
1892
5847
4987
2147
4572
9764
5064
5198
3657
3861
4098
7503
3197
1459
3486
5187
0468
9405
5641
8043
6397
7496
8251
8964
5091
2609
5467
6713
8306
2539
2987
9725
8769
7943
0649
0263
9670
0298
2306
3978
9546
2936
4687
0671
1260
2794
0819
9265
7619
0297
7605
6480
2841
0985
8401
4251
3051
5830
0291
5369
7945
5947
4386
2683
4732
1928
2408
0592
4210
2830
4901
1364
6840
0489
5317
4839
2359
5842
0582
0364
3951
8172
7192
4785
5723
6897
1906
1598
0512
7184
4398
4659
8693
5918
8624
0835
2731
6813
5901
3562
0253
2581
7832
6814
0952
8035
8510
4182
5368
4921
7243
6702
3629
6432
0865
4821
5708
1654
7239
5264
2783
9486
1087
8570
1954
4320
1349
4039
1498
9841
9025
4750
5489
7241
6258
1486
4290
8129
2061
7412
9164
6129
5138
7684
9270
4239
9271
5027
5690
3206
2316
3845
3798
3179
1342
8230
5968
7491
3459
9245
5718
1742
3270
3789
9621
0679
2419
6514
3719
5731
7483
7501
0631
4809
6530
4071
3850
1420
1890
2715
3568
2805
9053
1695
9804
0916
7894
3120
8316
0896
4560
9614
4513
1428
6983
9268
7264
2873
6295
0569
7495
1637
2046
5120
1460
7964
9258
6041
5902
3128
4391
9310
9376
2479
6012
9876
8159
8265
8327
9467
7698
4761
4158
1092
1508
6895
8045
5298
3491
6189
0791
2645
7940
8126
6421
9480
5276
0124
1643
4706
9672
4736
5891
4581
4792
3621
5217
3897
8254
0127
5149
0839
9140
8376
3194
5896
1345
6837
7245
0387
5048
3907
5783
8926
6287
7893
2980
9586
1849
5814
3250
4361
9348
6130
6749
2496
3891
1827
9085
8609
9453
9485
0186
2503
7102
0214
6503
3810
7812
0281
0827
6407
8917
5698
5648
2471
4826
6385
3682
8451
8031
1860
1053
7032
0918
9064
6571
8937
4768
5607
4319
3590
1847
0169
9410
2863
1536
1938
1679
1584
9056
1683
7690
2986
2789
9521
7203
1782
6125
0694
0293
4852
6071
3158
4023
0415
3180
5104
1098
7569
9872
5689
1985
